 2 640.8 
  3 631.2 
  4 626.8 
  5 612.5 
  6 613.4 
  7 610.5 
  8 609.3 
  9 617.8 
  10 622.5 
  11 633.0 
  12 646.3 
  13 612.1 
  14 621.6 
  15 620.1 
  16 615.9 
  17 622.4 
  18 629.1 
  19 633.3 
  20 634.0 
  21 634.9 
  22 634.0 
  23 640.6 
  24 644.8 
  25 631.5 
  26 632.0 
  27 636.3 
  28 638.2 
  29 638.9 
  30 636.5 
  31 640.2 
  32 638.7 
  33 638.9 
  34 637.8 
  35 668.0 
  36 665.6 
  37 666.7 
  38 665.1 
  39 666.3 
  40 661.8 
  41 661.8 
  42 663.4 
  43 661.9 
  44 661.6 
  45 662.6 
  46 661.1 
  47 656.6 
  48 656.9 
  49 656.5 
  50 657.1 
  51 662.0 
  52 656.8 
  53 656.9 
  54 656.4 
  55 656.7 
  56 658.2 
  57 676.4 
  58 675.4 
  59 673.9 
  60 674.4 
  61 673.8 
  62 676.8 
  63 675.7 
  64 675.8 
  65 674.9 
  66 676.6 
  67 676.9 
  68 675.6 
  69 675.2 
  70 676.0 
  71 674.5 
  72 676.1 
  73 718.2 
  74 719.6 
  75 720.0 
  76 719.2 
  77 720.4 
  78 717.7 
  79 720.4 
  80 720.2 
  81 721.0 
  82 719.7 
  83 719.6 
  84 719.8 
  85 719.2 
  86 720.2 
  87 721.1 
  88 719.1 
  89 721.0 
  90 718.0 
  91 719.2 
  92 721.1 
  93 726.4 
  94 733.1 
  95 718.7 
  96 721.0 
  97 720.9 
  98 720.2 
  99 720.6 
  100 719.1 
  101 720.1 
  102 721.3 
  103 732.1 
  104 731.8 
  105 731.7 
 