3 0 320.095 
 4 1 318.290 
 5 2 322.013 
 6 3 323.030 
 7 4 320.940 
 8 5 317.648 
 9 6 323.357 
 10 7 321.777 
 11 8 325.989 
 12 9 325.234 
 13 10 322.984 
 14 11 331.405 
 15 12 329.519 
 16 13 331.004 
 17 14 330.181 
 18 15 329.683 
 19 16 330.660 
 20 17 330.979 
 21 18 331.959 
 22 19 332.166 
 23 20 350.975 
 24 21 350.485 
 25 22 356.707 
 26 23 353.911 
 27 24 357.748 
 28 25 355.630 
 29 26 350.799 
 30 27 353.103 
 31 28 355.520 
 32 29 356.353 
 33 30 353.788 
 34 31 356.455 
 35 32 357.818 
 36 33 359.273 
 37 34 355.330 
 38 35 355.841 
 39 36 356.673 
 40 37 356.478 
 41 38 355.865 
 42 39 356.753 
 43 40 358.926 
 44 41 360.812 
 45 42 361.435 
 46 43 364.460 
 47 44 361.921 
 48 45 360.669 
 49 46 367.834 
 50 47 363.171 
 51 48 369.220 
 52 49 372.142 
 53 50 370.007 
 54 51 372.987 
 55 52 379.997 
 56 53 380.624 
 57 54 385.013 
 58 55 383.671 
 59 56 387.219 
 60 57 392.792 
 61 58 393.203 
 62 59 399.887 
 63 60 399.518 
 64 61 406.520 
 65 62 406.142 
 66 63 409.329 
 67 64 409.249 
 68 65 415.858 
 69 66 417.236 
 70 67 420.208 
 71 68 424.179 
 72 69 423.500 
 73 70 421.509 
 74 71 421.829 
 75 72 425.014 
 76 73 426.803 
 77 74 428.412 
 78 75 430.981 
 79 76 434.317 
 80 77 435.100 
 81 78 437.773 
 82 79 439.806 
 83 80 442.370 
 84 81 446.684 
 85 82 446.138 
 86 83 447.093 
 87 84 450.944 
 88 85 454.240 
 89 86 453.165 
 90 87 457.868 
 91 88 459.061 
 92 89 461.269 
 93 90 463.989 
 94 91 467.813 
 95 92 471.087 
 96 93 472.752 
 97 94 484.974 
 98 95 492.880 
 99 96 483.653 
 100 97 485.534 
 101 98 486.554 
 102 99 490.080 
 103 100 490.450 
 104 101 493.859 
 105 102 494.125 
 106 103 495.683 
 107 104 504.993 
 108 105 505.722 
 109 106 508.140 
 110 107 510.583 
 111 108 510.108 
 112 109 511.991 
 113 110 510.762 
 114 111 512.835 
 115 112 512.988 
 116 113 512.791 
 117 114 513.825 
 118 115 515.762 
 119 116 516.245 
 120 117 515.079 
 121 118 516.283 
 122 119 517.680 
 123 120 518.109 
 124 121 517.129 
 125 122 516.939 
 126 123 518.959 
 127 124 520.590 
 128 125 522.412 
 129 126 520.521 
 130 127 519.365 
 