4 0 167.848 
 5 1 165.417 
 6 2 166.337 
 7 3 165.825 
 8 4 167.600 
 9 5 169.424 
 10 6 171.477 
 11 7 172.854 
 12 8 174.612 
 13 9 175.143 
 14 10 176.373 
 15 11 178.952 
 16 12 180.994 
 17 13 182.295 
 18 14 184.404 
 19 15 187.769 
 20 16 191.523 
 21 17 193.381 
 22 18 194.920 
 23 19 196.606 
 24 20 197.982 
 25 21 198.549 
 26 22 199.952 
 27 23 202.427 
 28 24 203.026 
 29 25 204.911 
 30 26 205.042 
 31 27 206.479 
 32 28 207.425 
 33 29 208.918 
 34 30 209.977 
 35 31 210.370 
 36 32 211.071 
 37 33 211.138 
 38 34 218.872 
 39 35 219.626 
 40 36 219.036 
 41 37 219.927 
 42 38 221.502 
 43 39 222.158 
 44 40 222.011 
 45 41 222.552 
 46 42 223.769 
 47 43 223.793 
 48 44 224.300 
 49 45 225.168 
 50 46 226.464 
 51 47 226.570 
 52 48 226.380 
 53 49 226.801 
 54 50 227.752 
 55 51 228.454 
 56 52 228.713 
 57 53 229.385 
 58 54 229.600 
 59 55 230.933 
 60 56 231.178 
 61 57 231.498 
 62 58 231.822 
 