2 0 1155.768 
 3 1 1133.110 
 4 2 1146.098 
 5 3 1167.984 
 6 4 1134.235 
 7 5 1166.832 
 8 6 1153.768 
 9 7 1156.189 
 10 8 1152.192 
 11 9 1145.921 
 12 10 1166.935 
 13 11 1168.691 
 14 12 1171.919 
 15 13 1187.691 
 16 14 1164.529 
 17 15 1168.941 
 18 16 1208.998 
 19 17 1180.460 
 20 18 1175.979 
 21 19 1180.329 
 22 20 1180.463 
 23 21 1174.694 
 24 22 1188.884 
 25 23 1188.692 
 26 24 1204.149 
 27 25 1180.993 
 28 26 1171.175 
 29 27 1182.685 
 30 28 1167.934 
 31 29 1192.712 
 32 30 1184.433 
 33 31 1206.416 
 34 32 1199.916 
 