 31 5 1 18.478 
  28 5 2 18.203 
  25 5 3 18.125 
  25 7 1 18.654 
  20 7 2 17.602 
  18 7 3 18.305 
  18 9 1 18.319 
  15 9 2 18.936 
  12 9 3 17.290 
  14 11 1 17.901 
  10 11 2 17.186 
  7 11 3 18.451 
  10 13 1 17.711 
  7 13 2 17.661 
  7 13 3 16.868 
  7 15 1 18.560 
  7 15 2 16.987 
  6 15 3 16.066 
  7 17 1 18.073 
  6 17 2 16.372 
  6 17 3 14.301 
  7 19 1 17.977 
  6 19 2 16.365 
  5 19 3 14.070 
  6 21 1 17.014 
  5 21 2 14.561 
  5 21 3 14.566 
  6 23 1 15.058 
  5 23 2 14.122 
  4 23 3 16.617 
  5 25 1 14.640 
  5 25 2 14.532 
  4 25 3 15.911 
  5 27 1 15.068 
  4 27 2 16.638 
  4 27 3 16.370 
  5 29 1 15.325 
  4 29 2 16.542 
  4 29 3 16.160 
 