 23 5 1 32.538 
  20 5 2 31.689 
  20 5 3 31.512 
  18 7 1 31.312 
  16 7 2 30.808 
  14 7 3 30.820 
  14 9 1 30.978 
  13 9 2 31.089 
  11 9 3 29.757 
  13 11 1 30.757 
  11 11 2 30.159 
  10 11 3 29.923 
  11 13 1 30.081 
  10 13 2 30.001 
  9 13 3 29.845 
  10 15 1 30.102 
  9 15 2 30.432 
  7 15 3 29.280 
  10 17 1 30.096 
  7 17 2 30.118 
  7 17 3 29.054 
  9 19 1 32.141 
  7 19 2 29.726 
  6 19 3 29.533 
  7 21 1 29.953 
  7 21 2 29.652 
  6 21 3 29.351 
  7 23 1 29.989 
  6 23 2 29.361 
  5 23 3 29.414 
  7 25 1 29.232 
  5 25 2 29.412 
  5 25 3 29.457 
  6 27 1 29.620 
  5 27 2 29.683 
  5 27 3 29.422 
  5 29 1 29.209 
  5 29 2 29.792 
  5 29 3 28.935 
 