 40 1 1 23.406 
  40 1 2 22.929 
  40 1 3 23.097 
  28 2 1 22.943 
  28 2 2 24.067 
  21 2 3 23.454 
  21 3 1 22.365 
  17 3 2 23.637 
  17 3 3 21.980 
  17 4 1 22.052 
  14 4 2 23.370 
  12 4 3 22.271 
  14 5 1 21.845 
  12 5 2 22.324 
  11 5 3 22.144 
  12 6 1 22.883 
  10 6 2 21.983 
  9 6 3 23.171 
  11 7 1 23.014 
  9 7 2 22.137 
  9 7 3 23.288 
  9 8 1 22.833 
  9 8 2 22.964 
  7 8 3 22.100 
  9 9 1 22.909 
  7 9 2 22.691 
  7 9 3 21.952 
  7 10 1 22.538 
  7 10 2 23.071 
  7 10 3 22.257 
 