 14 5 1 23.496 
  12 5 2 24.005 
  11 5 3 23.191 
  12 6 1 24.854 
  10 6 2 24.109 
  9 6 3 24.873 
  11 7 1 25.174 
  9 7 2 23.247 
  9 7 3 25.025 
  9 8 1 24.781 
  9 8 2 24.984 
  7 8 3 23.231 
  9 9 1 25.270 
  7 9 2 24.427 
  7 9 3 23.119 
  7 10 1 24.514 
  7 10 2 24.761 
  7 10 3 24.389 
  7 11 1 24.423 
  7 11 2 24.023 
  5 11 3 23.783 
  7 12 1 24.105 
  6 12 2 23.776 
  5 12 3 23.537 
  7 13 1 24.403 
  5 13 2 23.909 
  5 13 3 23.513 
  6 14 1 23.958 
  5 14 2 23.562 
  5 14 3 23.920 
  5 15 1 23.785 
  5 15 2 24.437 
  4 15 3 24.265 
  5 16 1 23.859 
  5 16 2 24.586 
  4 16 3 24.503 
  5 17 1 24.180 
  4 17 2 24.814 
  4 17 3 24.331 
 